[[[0.01652893 0.34710744 0.14049587]
  [0.32231405 0.05785124 0.14876033]]

 [[0.29752066 0.34710744 0.14876033]
  [0.04132231 0.05785124 0.14049587]]

 [[0.09917355 0.23140496 0.05785124]
  [0.23966942 0.17355372 0.23140496]]

 [[0.30578512 0.18181818 0.12396694]
  [0.03305785 0.2231405  0.16528926]]

 [[0.25619835 0.3553719  0.24793388]
  [0.08264463 0.04958678 0.04132231]]

 [[0.04958678 0.23966942 0.28099174]
  [0.2892562  0.16528926 0.00826446]]

 [[0.10743802 0.33057851 0.28099174]
  [0.23140496 0.07438017 0.00826446]]

 [[0.2892562  0.23966942 0.08264463]
  [0.04958678 0.16528926 0.20661157]]

 [[0.20661157 0.33057851 0.28099174]
  [0.1322314  0.07438017 0.00826446]]

 [[0.25619835 0.39669421 0.11570248]
  [0.08264463 0.00826446 0.17355372]]

 [[0.20661157 0.24793388 0.28099174]
  [0.1322314  0.15702479 0.00826446]]

 [[0.02479339 0.14876033 0.28099174]
  [0.31404959 0.25619835 0.00826446]]

 [[0.07438017 0.38016529 0.28099174]
  [0.26446281 0.02479339 0.00826446]]]